346902,50 -135367,69x +18580,55x^(2) +22,00x^(5) +0,05x^(7) +0,00x^(9) 
1.0 0.0 0.0 0.0 0.0 0.0 0.0 0.0 0.0 171988.31 346902.5 
0.0 1.0 0.0 0.0 0.0 0.0 0.0 0.0 0.0 -57621.42 -135367.69 
0.0 0.0 1.0 0.0 0.0 0.0 0.0 0.0 0.0 8200.316 18580.547 
0.0 0.0 0.0 1.0 0.0 0.0 0.0 0.0 0.0 -654.1664 -486.57812 
0.0 0.0 0.0 0.0 1.0 0.0 0.0 0.0 0.0 32.19483 -157.85352 
0.0 0.0 0.0 0.0 0.0 1.0 0.0 0.0 0.0 -0.997663 22.003426 
0.0 0.0 0.0 0.0 0.0 0.0 1.0 0.0 0.0 0.01989844 -1.3886011 
0.0 0.0 0.0 0.0 0.0 0.0 0.0 1.0 0.0 -3.4895726E-4 0.048709277 
0.0 0.0 0.0 0.0 0.0 0.0 0.0 0.0 1.0 7.6293945E-6 -9.209802E-4 
0.0 0.0 0.0 0.0 0.0 0.0 0.0 0.0 0.0 0.99999994 7.356057E-6 
